5.034232238182221408e+02
2.647032735278272071e+02
3.285671410128531988e+02
3.740298582124145810e+02
4.069171374204221934e+02
4.294836724363265716e+02
4.444194420229243860e+02
4.542846610657564383e+02
4.609734483943818759e+02
4.656860005144811794e+02
4.691380872759092995e+02
4.717561715985167439e+02
4.738012073128966790e+02
4.754386045146430320e+02
4.767770636005756728e+02
4.778904448146750497e+02
4.788304581793001375e+02
4.796342787453450001e+02
4.803292607611132325e+02
4.809359511583195967e+02
4.814700682587602500e+02
2.705292325280229306e+02
2.002817511624267581e+02
2.612320559995382041e+02
3.093259783786855905e+02
3.488280651651304538e+02
3.801180685433764666e+02
4.039303872234306709e+02
4.214671533323162294e+02
4.341486251641515537e+02
4.433126523158035752e+02
4.500265794599058040e+02
4.550538662307403115e+02
4.589107184978741429e+02
4.619400237191838983e+02
4.643707195045233220e+02
4.663582112589765529e+02
4.680102732595181010e+02
4.694033117322534281e+02
4.705926853118108966e+02
4.716193200355981503e+02
4.725140345613100976e+02
2.884382355764744261e+02
1.431567295667903466e+02
1.949884191011032613e+02
2.394656762723420798e+02
2.794174827176975668e+02
3.144331671141318338e+02
3.442820602188464818e+02
3.690581991418422945e+02
3.891282890538772108e+02
4.050589694866848731e+02
4.175285614119997604e+02
4.272310290798995425e+02
4.347957255836522563e+02
4.407430769859500401e+02
4.454766645105634097e+02
4.492976223924957253e+02
4.524265721454875688e+02
4.550244693919236170e+02
4.572092757314830465e+02
4.590682618795564167e+02
4.606667993743868692e+02
3.025855797429032918e+02
9.817399984446446126e+01
1.378061357788332657e+02
1.745949748983603058e+02
2.099606496340995818e+02
2.431657486142719904e+02
2.736688828115834440e+02
3.011682606757748317e+02
3.255428464440379344e+02
3.468088775322792117e+02
3.650908403020918058e+02
3.805987537846152691e+02
3.936057967403161229e+02
4.044235683885489721e+02
4.133758565316703653e+02
4.207745506638492543e+02
4.269017478557407230e+02
4.320000739087274724e+02
4.362705069954602095e+02
4.398752925307650230e+02
4.429433677380024506e+02
3.182098174747991379e+02
6.641442844242317278e+01
9.378743183556406393e+01
1.215031219659047395e+02
1.497803016427512262e+02
1.777373421817475787e+02
2.047604290956736008e+02
2.304539068300109648e+02
2.545662442163617811e+02
2.769439280831680890e+02
2.975041425754340025e+02
3.162181834176717530e+02
3.331008704424231155e+02
3.482031794961029618e+02
3.616063614705754503e+02
3.734164330325429546e+02
3.837583681013750265e+02
3.927697659388687157e+02
4.005941877148496815e+02
4.073746944600999882e+02
4.132482392419386770e+02
3.309478443919029473e+02
4.628841230388738381e+01
6.317696491486381660e+01
8.237324427003990479e+01
1.032225081912099682e+02
1.247930836513474162e+02
1.464807906737524945e+02
1.678916391278054903e+02
1.887595776675857735e+02
2.089002402731906614e+02
2.281844106191301762e+02
2.465221139602129767e+02
2.638526710042211789e+02
2.801382475115564716e+02
2.953595294815883676e+02
3.095127200087114829e+02
3.226073580225382784e+02
3.346646287767816261e+02
3.457159364061070619e+02
3.558015735144339828e+02
3.649693718423216069e+02
2.241442300906391552e+02
3.511517342161578625e+01
4.392806504254166100e+01
5.608427393541523998e+01
7.038661717164509923e+01
8.591273520900962524e+01
1.020984703065197010e+02
1.185801981659535329e+02
1.351103190225579453e+02
1.515129078214329184e+02
1.676590004898116320e+02
1.834519692281369032e+02
1.988184142328471466e+02
2.137022445760698872e+02
2.280606949590730892e+02
2.418615663613095990e+02
2.550812676265714458e+02
2.677033957225995664e+02
2.797176868470366458e+02
2.911192249204195832e+02
3.019078309990413231e+02
2.171844598301512406e+02
3.021882330521566118e+01
3.325661051697839099e+01
4.004651664363600361e+01
4.911815929982419249e+01
5.959594948032672335e+01
7.096688611697183546e+01
8.290501335020015006e+01
9.518910344962576175e+01
1.076613640260882931e+02
1.202049325041687808e+02
1.327307255518777538e+02
1.451693071000657937e+02
1.574656223822179300e+02
1.695754552408164955e+02
1.814629683018164030e+02
1.930989487835950627e+02
2.044595288471453500e+02
2.155252340170455341e+02
2.262802638000131026e+02
2.367119398787588409e+02
2.345531195687527202e+02
2.941227988981531283e+01
2.855801047611417331e+01
3.147871160848057670e+01
3.662232888717340273e+01
4.318114895877859283e+01
5.069588702094910815e+01
5.887819049649242231e+01
6.753339166727045040e+01
7.652284827793248212e+01
8.574374046310353492e+01
9.511737643154542354e+01
1.045820065762550115e+02
1.140881898905067970e+02
1.235956855237567567e+02
1.330712975322334728e+02
1.424873382848245171e+02
1.518205063429588790e+02
1.610510507457803158e+02
1.701621360087382300e+02
1.791393535023326820e+02
2.642928125996836570e+02
3.109099643536035273e+01
2.775838560786181830e+01
2.800654103428192698e+01
3.032411058314997376e+01
3.398055811622861455e+01
3.856861105444995985e+01
4.383482115419711533e+01
4.960887952690190161e+01
5.576979926553698874e+01
6.222794380829338223e+01
6.891469709092629614e+01
7.577614439762179188e+01
8.276901134268229043e+01
8.985794654942290549e+01
9.701364112786077953e+01
1.042114898561708429e+02
1.114306145110065813e+02
1.186531362721236746e+02
1.258636236552589622e+02
1.330486666961124627e+02
3.069482478963280982e+02
3.415580317768835528e+01
2.934945503464717476e+01
2.782293660260952706e+01
2.817471537678497384e+01
2.975283358638802866e+01
3.219822962388323617e+01
3.528877390787371837e+01
3.887572532747751808e+01
4.285365336708272821e+01
4.714455860986090130e+01
5.168878139208667477e+01
5.643945769994657979e+01
6.135896427543329423e+01
6.641654448912164810e+01
7.158666778951869958e+01
7.684786321481071525e+01
8.218186925276893362e+01
8.757300115877607993e+01
9.300767108457210952e+01
9.847401819484129248e+01
3.444855560226602620e+02
3.789084005544040679e+01
3.229706497603397253e+01
2.964402667787427959e+01
2.867148450085079858e+01
2.880259351952635427e+01
2.972178332820696411e+01
3.123453325352215870e+01
3.321089253791684826e+01
3.555890656056203625e+01
3.821062874017974309e+01
4.111413790839085891e+01
4.422867650133284911e+01
4.752153839419352011e+01
5.096599278897407004e+01
5.453985124646740701e+01
5.822444951864218865e+01
6.200390632300223359e+01
6.586457192192774812e+01
6.979461025909857597e+01
7.378367707449018553e+01
3.926077790578673330e+02
4.185023893375017678e+01
3.592280232259768269e+01
3.259939337835221806e+01
3.076773641857322161e+01
2.991993226068159473e+01
2.977894807319017900e+01
3.017434961762220169e+01
3.099244200488863044e+01
3.215286444566031321e+01
3.359629409687106971e+01
3.527743623664896688e+01
3.716075941364421453e+01
3.921776777732112151e+01
4.142518281907084798e+01
4.376368911920296512e+01
4.621704384811816624e+01
4.877142870678488862e+01
5.141496812936085092e+01
5.413736431973860164e+01
5.692961638157257909e+01
4.138865489982275676e+02
4.576946805910047544e+01
3.979875451059346858e+01
3.612005623690795630e+01
3.376062181052349587e+01
3.227408897772630070e+01
3.141715751344737129e+01
3.104027987604383299e+01
3.104377652097984708e+01
3.135724764111500917e+01
3.192875814407355151e+01
3.271867985474577267e+01
3.369594472603362334e+01
3.483565000252203703e+01
3.611746260803931108e+01
3.752451880063927092e+01
3.904264329139194700e+01
4.065978121250342525e+01
4.236557593008031120e+01
4.415104936850322304e+01
4.600835596252365178e+01
4.431424095288273293e+02
4.950158629853574155e+01
4.366621445763408360e+01
3.984631286061887323e+01
3.719197739368072320e+01
3.531066099262932312e+01
3.398834033648513042e+01
3.309351594486380321e+01
3.253858340477385269e+01
3.226170110441437799e+01
3.221727589911726142e+01
3.237053297356296611e+01
3.269422350115875275e+01
3.316651635206632420e+01
3.376959443737273148e+01
3.448868714875014518e+01
3.531138376193838013e+01
3.622713421699505432e+01
3.722687808673627785e+01
3.830276379083755245e+01
3.944793245135295479e+01
4.745319963748861483e+02
5.297366564599246885e+01
4.737731366124450716e+01
4.355905827996639346e+01
4.077153882932489637e+01
3.866854696662206692e+01
3.706131884358370598e+01
3.583392152439174083e+01
3.490915623179299132e+01
3.423255236557498904e+01
3.376396970223351701e+01
3.347280516339342427e+01
3.333508931169605916e+01
3.333162632389980473e+01
3.344675614411939790e+01
3.366750141556067177e+01
3.947802625730645332e+01
3.928014088823780270e+01
3.912980334370194413e+01
3.902013212891146310e+01
3.894507806894743140e+01
4.906884515348372702e+02
5.615807239543163831e+01
5.085502274071912865e+01
4.713145069068772841e+01
4.432151434904808696e+01
4.211841780740130048e+01
4.035510030314394925e+01
3.892904530952517206e+01
3.777203203197196046e+01
3.683595029229532258e+01
3.608536521953157461e+01
4.028259975645757862e+01
3.962221754338627733e+01
3.906338263681963952e+01
3.859277387120729230e+01
3.819922322126858916e+01
3.787321638281881064e+01
3.760653823616163294e+01
3.739199555579394030e+01
3.722322013557679554e+01
3.709451668698103788e+01
5.109149781122210925e+02
5.905417399646888299e+01
5.406676457824781323e+01
5.049629081702543942e+01
4.773841265150032598e+01
4.551951401983301793e+01
4.369112834369496312e+01
4.216230315638085102e+01
4.087257582590650884e+01
3.977934008259619958e+01
3.885123351471654018e+01
3.806436603250583062e+01
3.740004238405309422e+01
3.684330235469796122e+01
3.638195006898970973e+01
3.828259801888723501e+01
3.787365611407740573e+01
3.752331197171236710e+01
3.722588316844968404e+01
3.697614275356650637e+01
3.676935230340663452e+01
5.240592518662758721e+02
6.167753090454380072e+01
5.700805458123812741e+01
5.362520259805506129e+01
5.096811671254477716e+01
4.879087468851906095e+01
4.696091443204527849e+01
4.539725902271079860e+01
4.404616460015669333e+01
4.286980001815459218e+01
4.184034009190469305e+01
4.093660168840116853e+01
4.014201633931017454e+01
3.944333120248810332e+01
3.882974709408507863e+01
3.829232161625531461e+01
3.782355449425744354e+01
3.741707592920851511e+01
3.706742220629089957e+01
3.676986456229122524e+01
3.652027630067598096e+01
5.350268895320282354e+02
6.405630925091220718e+01
5.969521248057170482e+01
5.651816009054353174e+01
5.399239807021631066e+01
5.189497412795288511e+01
5.010692967498911798e+01
4.855590746667804325e+01
4.719399747128886702e+01
4.598752497291412311e+01
4.491174688426363559e+01
4.394784188269589720e+01
4.308109560528834692e+01
4.229974636892802664e+01
4.159421207230979434e+01
4.095656318280089181e+01
4.038014796563756903e+01
3.985932047725422223e+01
3.938923906525722884e+01
3.896571286100225961e+01
3.858508639507357429e+01
5.435755371522274118e+02
6.624415763494286580e+01
6.217303198882811444e+01
5.920745585295347979e+01
5.682977530329606708e+01
5.483581891175300171e+01
5.311818446006773087e+01
5.161191850906113388e+01
5.027417102637301127e+01
4.907487183561254085e+01
4.799196137741417090e+01
4.700867397125564651e+01
4.611191874421283643e+01
4.529122182791651596e+01
4.453807738043822440e+01
4.384543585509434394e+01
4.320738891332525355e+01
4.266099884999100311e+01
4.275605242959952079e+01
4.295157115601004705e+01
4.304489948738339677e+01
