3.162277660168378852e-05
3.981071705534973523e-05
5.011872336272722429e-05
6.309573444801932010e-05
7.943282347242813953e-05
9.999999999999999124e-05
1.258925411794167436e-04
1.584893192461114190e-04
1.995262314968878758e-04
2.511886431509579545e-04
3.162277660168379394e-04
3.981071705534972981e-04
5.011872336272724191e-04
6.309573444801929842e-04
7.943282347242821813e-04
1.000000000000000021e-03
1.258925411794167490e-03
1.584893192461113865e-03
1.995262314968878920e-03
2.511886431509582039e-03
3.162277660168379394e-03
