1.000000000000000056e-01
3.000950000000000273e+02
6.000900000000000318e+02
9.000850000000000364e+02
1.200079999999999927e+03
1.500074999999999818e+03
1.800069999999999936e+03
2.100065000000000055e+03
2.400059999999999945e+03
2.700054999999999836e+03
3.000049999999999727e+03
3.300045000000000073e+03
3.600039999999999964e+03
3.900034999999999854e+03
4.200030000000000655e+03
4.500025000000000546e+03
4.800020000000000437e+03
5.100015000000000327e+03
5.400010000000000218e+03
5.700005000000000109e+03
6.000000000000000000e+03
