1.023292992280754043e-02
1.286767253029672160e-02
1.618080037643065960e-02
2.034698195850506361e-02
2.558585886905645826e-02
3.217362532695599436e-02
4.045758916974426245e-02
5.087448196446909404e-02
6.397348354826482009e-02
8.044517485521325562e-02
1.011579454259898814e-01
1.272037750085690810e-01
1.599558028614668781e-01
2.011407198200908242e-01
2.529297996446144836e-01
3.180533688329522102e-01
3.999447497610975621e-01
5.029212658504454980e-01
6.324118513762196914e-01
7.952432655333961931e-01
1.000000000000000000e+00
